# Volume points
 111.96988    0.52521   0.50429   0.40603   0.24168   0.02892  -0.22125  -0.50175  -0.80770  -1.13556  -1.48265
 115.46869    0.40206   0.38079   0.28083   0.11434  -0.10070  -0.35322  -0.63611  -0.94446  -1.27473  -1.62423
 119.03963    0.32656   0.30423   0.20178   0.03242  -0.18562  -0.44119  -0.72714  -1.03858  -1.37195  -1.72456
 122.68345    0.29665   0.27369   0.16948  -0.00200  -0.22226  -0.48010  -0.76835  -1.08210  -1.41778  -1.77271
 126.40089    0.30957   0.28595   0.17986   0.00614  -0.21648  -0.47672  -0.76741  -1.08360  -1.42175  -1.77914
 130.19266    0.36245   0.33819   0.23025   0.05430  -0.17069  -0.43335  -0.72647  -1.04513  -1.38574  -1.74561
 134.05952    0.45278   0.42792   0.31831   0.14034  -0.08678  -0.35162  -0.64695  -0.96782  -1.31066  -1.67276

# Fitted data
 111.96988    0.52528   0.50442   0.40623   0.24195   0.02925  -0.22086  -0.50130  -0.80719  -1.13497  -1.48201
 112.08033    0.52057   0.49969   0.40144   0.23708   0.02430  -0.22589  -0.50641  -0.81239  -1.14026  -1.48738
 112.19078    0.51592   0.49502   0.39671   0.23227   0.01941  -0.23087  -0.51147  -0.81753  -1.14549  -1.49270
 112.30122    0.51132   0.49041   0.39203   0.22752   0.01457  -0.23579  -0.51648  -0.82262  -1.15067  -1.49796
 112.41167    0.50678   0.48585   0.38741   0.22282   0.00979  -0.24065  -0.52143  -0.82766  -1.15579  -1.50317
 112.52212    0.50229   0.48134   0.38284   0.21817   0.00506  -0.24547  -0.52633  -0.83264  -1.16086  -1.50832
 112.63257    0.49786   0.47689   0.37832   0.21358   0.00039  -0.25023  -0.53117  -0.83757  -1.16588  -1.51342
 112.74302    0.49347   0.47249   0.37386   0.20904  -0.00423  -0.25493  -0.53596  -0.84244  -1.17084  -1.51846
 112.85347    0.48915   0.46815   0.36945   0.20455  -0.00880  -0.25958  -0.54070  -0.84726  -1.17575  -1.52346
 112.96391    0.48487   0.46386   0.36510   0.20012  -0.01331  -0.26418  -0.54538  -0.85203  -1.18060  -1.52839
 113.07436    0.48065   0.45962   0.36080   0.19574  -0.01777  -0.26872  -0.55001  -0.85674  -1.18540  -1.53328
 113.18481    0.47649   0.45543   0.35655   0.19142  -0.02218  -0.27321  -0.55458  -0.86140  -1.19014  -1.53811
 113.29526    0.47237   0.45130   0.35235   0.18714  -0.02654  -0.27765  -0.55910  -0.86601  -1.19484  -1.54289
 113.40571    0.46831   0.44722   0.34821   0.18292  -0.03084  -0.28204  -0.56357  -0.87057  -1.19948  -1.54761
 113.51615    0.46430   0.44319   0.34412   0.17875  -0.03509  -0.28637  -0.56799  -0.87507  -1.20407  -1.55228
 113.62660    0.46034   0.43922   0.34008   0.17464  -0.03929  -0.29065  -0.57235  -0.87952  -1.20860  -1.55690
 113.73705    0.45644   0.43529   0.33609   0.17057  -0.04343  -0.29488  -0.57667  -0.88391  -1.21308  -1.56147
 113.84750    0.45258   0.43142   0.33215   0.16656  -0.04752  -0.29905  -0.58093  -0.88826  -1.21751  -1.56598
 113.95795    0.44878   0.42760   0.32827   0.16260  -0.05157  -0.30318  -0.58514  -0.89255  -1.22189  -1.57044
 114.06840    0.44503   0.42383   0.32444   0.15869  -0.05556  -0.30725  -0.58929  -0.89679  -1.22622  -1.57486
 114.17884    0.44134   0.42011   0.32065   0.15483  -0.05950  -0.31127  -0.59340  -0.90098  -1.23049  -1.57921
 114.28929    0.43769   0.41645   0.31692   0.15103  -0.06338  -0.31525  -0.59745  -0.90512  -1.23472  -1.58352
 114.39974    0.43409   0.41283   0.31325   0.14727  -0.06722  -0.31916  -0.60146  -0.90921  -1.23889  -1.58778
 114.51019    0.43055   0.40926   0.30962   0.14356  -0.07101  -0.32303  -0.60541  -0.91324  -1.24301  -1.59198
 114.62064    0.42705   0.40575   0.30604   0.13991  -0.07474  -0.32685  -0.60931  -0.91723  -1.24708  -1.59614
 114.73109    0.42361   0.40228   0.30251   0.13631  -0.07843  -0.33062  -0.61316  -0.92116  -1.25110  -1.60024
 114.84153    0.42021   0.39887   0.29903   0.13275  -0.08206  -0.33434  -0.61696  -0.92505  -1.25507  -1.60429
 114.95198    0.41687   0.39551   0.29560   0.12925  -0.08565  -0.33800  -0.62071  -0.92888  -1.25899  -1.60829
 115.06243    0.41357   0.39219   0.29223   0.12579  -0.08918  -0.34162  -0.62441  -0.93266  -1.26285  -1.61225
 115.17288    0.41033   0.38893   0.28890   0.12239  -0.09267  -0.34519  -0.62806  -0.93640  -1.26667  -1.61615
 115.28333    0.40713   0.38571   0.28562   0.11903  -0.09610  -0.34871  -0.63166  -0.94008  -1.27044  -1.62000
 115.39377    0.40399   0.38254   0.28239   0.11573  -0.09949  -0.35217  -0.63521  -0.94372  -1.27416  -1.62380
 115.50422    0.40089   0.37942   0.27921   0.11247  -0.10283  -0.35559  -0.63871  -0.94730  -1.27783  -1.62755
 115.61467    0.39784   0.37636   0.27607   0.10926  -0.10611  -0.35896  -0.64217  -0.95084  -1.28145  -1.63126
 115.72512    0.39484   0.37334   0.27299   0.10610  -0.10935  -0.36228  -0.64557  -0.95432  -1.28502  -1.63491
 115.83557    0.39189   0.37036   0.26995   0.10299  -0.11254  -0.36556  -0.64893  -0.95776  -1.28854  -1.63851
 115.94602    0.38899   0.36744   0.26697   0.09993  -0.11569  -0.36878  -0.65223  -0.96115  -1.29201  -1.64207
 116.05646    0.38614   0.36456   0.26403   0.09691  -0.11878  -0.37196  -0.65549  -0.96449  -1.29544  -1.64558
 116.16691    0.38333   0.36174   0.26114   0.09395  -0.12183  -0.37508  -0.65870  -0.96778  -1.29881  -1.64904
 116.27736    0.38057   0.35896   0.25830   0.09103  -0.12482  -0.37816  -0.66186  -0.97103  -1.30214  -1.65245
 116.38781    0.37786   0.35623   0.25550   0.08816  -0.12778  -0.38119  -0.66497  -0.97422  -1.30542  -1.65581
 116.49826    0.37520   0.35354   0.25275   0.08533  -0.13068  -0.38418  -0.66804  -0.97737  -1.30865  -1.65912
 116.60870    0.37258   0.35090   0.25005   0.08256  -0.13353  -0.38711  -0.67106  -0.98047  -1.31183  -1.66239
 116.71915    0.37001   0.34831   0.24740   0.07983  -0.13634  -0.39000  -0.67403  -0.98352  -1.31497  -1.66560
 116.82960    0.36749   0.34577   0.24479   0.07715  -0.13910  -0.39284  -0.67695  -0.98653  -1.31805  -1.66878
 116.94005    0.36502   0.34327   0.24223   0.07451  -0.14182  -0.39564  -0.67983  -0.98949  -1.32109  -1.67190
 117.05050    0.36259   0.34082   0.23972   0.07193  -0.14448  -0.39838  -0.68266  -0.99240  -1.32409  -1.67497
 117.16095    0.36021   0.33842   0.23725   0.06938  -0.14710  -0.40109  -0.68544  -0.99526  -1.32703  -1.67800
 117.27139    0.35787   0.33606   0.23483   0.06689  -0.14968  -0.40374  -0.68817  -0.99808  -1.32993  -1.68098
 117.38184    0.35558   0.33375   0.23246   0.06444  -0.15220  -0.40635  -0.69086  -1.00085  -1.33279  -1.68392
 117.49229    0.35334   0.33148   0.23013   0.06204  -0.15469  -0.40891  -0.69351  -1.00358  -1.33559  -1.68681
 117.60274    0.35114   0.32926   0.22785   0.05968  -0.15712  -0.41143  -0.69610  -1.00625  -1.33835  -1.68965
 117.71319    0.34899   0.32709   0.22561   0.05737  -0.15951  -0.41390  -0.69865  -1.00889  -1.34107  -1.69245
 117.82363    0.34688   0.32496   0.22342   0.05510  -0.16186  -0.41632  -0.70116  -1.01147  -1.34373  -1.69520
 117.93408    0.34482   0.32288   0.22127   0.05288  -0.16415  -0.41870  -0.70362  -1.01401  -1.34636  -1.69790
 118.04453    0.34281   0.32084   0.21917   0.05071  -0.16641  -0.42103  -0.70603  -1.01651  -1.34893  -1.70056
 118.15498    0.34083   0.31885   0.21712   0.04858  -0.16862  -0.42332  -0.70840  -1.01896  -1.35146  -1.70317
 118.26543    0.33891   0.31690   0.21511   0.04649  -0.17078  -0.42556  -0.71072  -1.02136  -1.35395  -1.70574
 118.37588    0.33703   0.31499   0.21314   0.04445  -0.17290  -0.42776  -0.71300  -1.02372  -1.35639  -1.70826
 118.48632    0.33519   0.31313   0.21122   0.04245  -0.17497  -0.42991  -0.71523  -1.02603  -1.35878  -1.71073
 118.59677    0.33340   0.31132   0.20934   0.04050  -0.17700  -0.43202  -0.71742  -1.02830  -1.36113  -1.71316
 118.70722    0.33165   0.30954   0.20751   0.03859  -0.17899  -0.43408  -0.71957  -1.03053  -1.36344  -1.71555
 118.81767    0.32994   0.30782   0.20572   0.03673  -0.18093  -0.43610  -0.72167  -1.03271  -1.36570  -1.71789
 118.92812    0.32828   0.30613   0.20397   0.03491  -0.18282  -0.43808  -0.72372  -1.03484  -1.36791  -1.72019
 119.03856    0.32666   0.30449   0.20227   0.03314  -0.18468  -0.44001  -0.72573  -1.03693  -1.37008  -1.72244
 119.14901    0.32509   0.30290   0.20061   0.03140  -0.18649  -0.44190  -0.72770  -1.03898  -1.37221  -1.72465
 119.25946    0.32356   0.30134   0.19899   0.02971  -0.18825  -0.44374  -0.72962  -1.04099  -1.37430  -1.72681
 119.36991    0.32207   0.29983   0.19742   0.02807  -0.18997  -0.44554  -0.73150  -1.04294  -1.37633  -1.72893
 119.48036    0.32063   0.29836   0.19589   0.02647  -0.19165  -0.44730  -0.73334  -1.04486  -1.37833  -1.73101
 119.59081    0.31923   0.29694   0.19441   0.02491  -0.19329  -0.44902  -0.73513  -1.04673  -1.38028  -1.73304
 119.70125    0.31787   0.29556   0.19296   0.02339  -0.19488  -0.45069  -0.73688  -1.04856  -1.38219  -1.73503
 119.81170    0.31655   0.29422   0.19156   0.02192  -0.19643  -0.45231  -0.73859  -1.05035  -1.38406  -1.73698
 119.92215    0.31528   0.29292   0.19020   0.02049  -0.19794  -0.45390  -0.74025  -1.05209  -1.38588  -1.73888
 120.03260    0.31405   0.29167   0.18889   0.01910  -0.19940  -0.45544  -0.74187  -1.05379  -1.38766  -1.74074
 120.14305    0.31286   0.29045   0.18761   0.01775  -0.20083  -0.45694  -0.74345  -1.05545  -1.38939  -1.74255
 120.25350    0.31171   0.28928   0.18638   0.01645  -0.20221  -0.45840  -0.74499  -1.05707  -1.39109  -1.74433
 120.36394    0.31060   0.28816   0.18519   0.01519  -0.20354  -0.45982  -0.74648  -1.05864  -1.39274  -1.74606
 120.47439    0.30954   0.28707   0.18404   0.01397  -0.20484  -0.46119  -0.74793  -1.06017  -1.39435  -1.74775
 120.58484    0.30851   0.28602   0.18294   0.01279  -0.20609  -0.46252  -0.74934  -1.06166  -1.39592  -1.74939
 120.69529    0.30753   0.28502   0.18187   0.01165  -0.20731  -0.46381  -0.75071  -1.06310  -1.39744  -1.75100
 120.80574    0.30659   0.28405   0.18085   0.01055  -0.20848  -0.46506  -0.75204  -1.06451  -1.39892  -1.75256
 120.91618    0.30569   0.28313   0.17987   0.00950  -0.20961  -0.46627  -0.75332  -1.06587  -1.40036  -1.75408
 121.02663    0.30483   0.28225   0.17892   0.00848  -0.21070  -0.46743  -0.75457  -1.06719  -1.40176  -1.75556
 121.13708    0.30402   0.28141   0.17802   0.00751  -0.21175  -0.46856  -0.75577  -1.06847  -1.40312  -1.75699
 121.24753    0.30324   0.28061   0.17716   0.00658  -0.21275  -0.46964  -0.75693  -1.06971  -1.40444  -1.75839
 121.35798    0.30250   0.27985   0.17634   0.00569  -0.21372  -0.47068  -0.75805  -1.07091  -1.40571  -1.75974
 121.46843    0.30181   0.27913   0.17556   0.00484  -0.21464  -0.47168  -0.75913  -1.07207  -1.40695  -1.76106
 121.57887    0.30115   0.27845   0.17482   0.00403  -0.21553  -0.47264  -0.76017  -1.07318  -1.40814  -1.76233
 121.68932    0.30053   0.27781   0.17412   0.00326  -0.21637  -0.47357  -0.76116  -1.07426  -1.40929  -1.76356
 121.79977    0.29996   0.27721   0.17346   0.00253  -0.21718  -0.47445  -0.76212  -1.07529  -1.41040  -1.76475
 121.91022    0.29942   0.27665   0.17284   0.00184  -0.21794  -0.47529  -0.76304  -1.07628  -1.41147  -1.76590
 122.02067    0.29892   0.27613   0.17227   0.00119  -0.21867  -0.47609  -0.76391  -1.07724  -1.41250  -1.76700
 122.13111    0.29846   0.27565   0.17172   0.00057  -0.21935  -0.47685  -0.76475  -1.07815  -1.41349  -1.76807
 122.24156    0.29805   0.27521   0.17122   0.00000  -0.22000  -0.47757  -0.76555  -1.07903  -1.41444  -1.76910
 122.35201    0.29767   0.27481   0.17076  -0.00053  -0.22061  -0.47825  -0.76631  -1.07986  -1.41536  -1.77009
 122.46246    0.29733   0.27444   0.17034  -0.00102  -0.22117  -0.47889  -0.76702  -1.08065  -1.41623  -1.77104
 122.57291    0.29702   0.27412   0.16996  -0.00148  -0.22170  -0.47949  -0.76770  -1.08141  -1.41706  -1.77194
 122.68336    0.29676   0.27383   0.16961  -0.00189  -0.22219  -0.48006  -0.76834  -1.08212  -1.41785  -1.77281
 122.79380    0.29654   0.27359   0.16930  -0.00227  -0.22264  -0.48058  -0.76894  -1.08280  -1.41860  -1.77364
 122.90425    0.29635   0.27338   0.16904  -0.00260  -0.22305  -0.48107  -0.76950  -1.08344  -1.41931  -1.77443
 123.01470    0.29620   0.27321   0.16881  -0.00290  -0.22342  -0.48151  -0.77002  -1.08403  -1.41998  -1.77518
 123.12515    0.29609   0.27307   0.16862  -0.00316  -0.22375  -0.48192  -0.77051  -1.08459  -1.42062  -1.77589
 123.23560    0.29602   0.27298   0.16846  -0.00339  -0.22405  -0.48229  -0.77095  -1.08511  -1.42121  -1.77656
 123.34604    0.29599   0.27292   0.16835  -0.00357  -0.22430  -0.48262  -0.77136  -1.08559  -1.42177  -1.77720
 123.45649    0.29599   0.27290   0.16827  -0.00372  -0.22452  -0.48291  -0.77172  -1.08604  -1.42229  -1.77779
 123.56694    0.29603   0.27292   0.16823  -0.00382  -0.22470  -0.48317  -0.77205  -1.08644  -1.42277  -1.77834
 123.67739    0.29611   0.27298   0.16823  -0.00390  -0.22485  -0.48338  -0.77234  -1.08681  -1.42321  -1.77886
 123.78784    0.29623   0.27307   0.16827  -0.00393  -0.22495  -0.48356  -0.77260  -1.08714  -1.42361  -1.77934
 123.89829    0.29638   0.27320   0.16834  -0.00392  -0.22502  -0.48370  -0.77281  -1.08743  -1.42398  -1.77978
 124.00873    0.29657   0.27337   0.16845  -0.00388  -0.22505  -0.48381  -0.77299  -1.08768  -1.42430  -1.78018
 124.11918    0.29680   0.27358   0.16860  -0.00380  -0.22504  -0.48387  -0.77313  -1.08789  -1.42459  -1.78055
 124.22963    0.29706   0.27382   0.16878  -0.00369  -0.22500  -0.48390  -0.77323  -1.08807  -1.42484  -1.78087
 124.34008    0.29736   0.27410   0.16900  -0.00353  -0.22492  -0.48389  -0.77330  -1.08821  -1.42506  -1.78116
 124.45053    0.29770   0.27441   0.16926  -0.00334  -0.22480  -0.48385  -0.77332  -1.08831  -1.42523  -1.78141
 124.56097    0.29807   0.27476   0.16956  -0.00312  -0.22464  -0.48376  -0.77331  -1.08838  -1.42537  -1.78163
 124.67142    0.29848   0.27515   0.16989  -0.00285  -0.22445  -0.48364  -0.77327  -1.08840  -1.42547  -1.78180
 124.78187    0.29893   0.27558   0.17025  -0.00255  -0.22422  -0.48349  -0.77319  -1.08839  -1.42554  -1.78194
 124.89232    0.29941   0.27604   0.17066  -0.00222  -0.22396  -0.48329  -0.77307  -1.08835  -1.42556  -1.78204
 125.00277    0.29993   0.27653   0.17110  -0.00185  -0.22365  -0.48307  -0.77291  -1.08826  -1.42555  -1.78211
 125.11322    0.30048   0.27706   0.17157  -0.00144  -0.22332  -0.48280  -0.77272  -1.08815  -1.42551  -1.78213
 125.22366    0.30107   0.27763   0.17208  -0.00100  -0.22294  -0.48250  -0.77249  -1.08799  -1.42542  -1.78213
 125.33411    0.30169   0.27823   0.17263  -0.00052  -0.22253  -0.48216  -0.77222  -1.08780  -1.42530  -1.78208
 125.44456    0.30235   0.27887   0.17321  -0.00000  -0.22209  -0.48179  -0.77192  -1.08757  -1.42515  -1.78200
 125.55501    0.30305   0.27955   0.17383   0.00055  -0.22161  -0.48138  -0.77158  -1.08730  -1.42496  -1.78188
 125.66546    0.30378   0.28025   0.17448   0.00114  -0.22109  -0.48093  -0.77121  -1.08700  -1.42473  -1.78173
 125.77590    0.30454   0.28100   0.17517   0.00176  -0.22054  -0.48045  -0.77080  -1.08667  -1.42447  -1.78153
 125.88635    0.30534   0.28178   0.17589   0.00241  -0.21995  -0.47994  -0.77036  -1.08630  -1.42417  -1.78131
 125.99680    0.30618   0.28259   0.17665   0.00311  -0.21933  -0.47938  -0.76988  -1.08589  -1.42383  -1.78104
 126.10725    0.30704   0.28344   0.17744   0.00383  -0.21867  -0.47880  -0.76936  -1.08545  -1.42346  -1.78075
 126.21770    0.30795   0.28432   0.17827   0.00459  -0.21798  -0.47818  -0.76881  -1.08497  -1.42305  -1.78041
 126.32815    0.30889   0.28524   0.17913   0.00539  -0.21725  -0.47752  -0.76823  -1.08445  -1.42261  -1.78004
 126.43859    0.30986   0.28619   0.18003   0.00622  -0.21649  -0.47683  -0.76761  -1.08390  -1.42213  -1.77964
 126.54904    0.31086   0.28717   0.18096   0.00709  -0.21570  -0.47610  -0.76695  -1.08332  -1.42162  -1.77920
 126.65949    0.31190   0.28819   0.18192   0.00799  -0.21487  -0.47534  -0.76626  -1.08270  -1.42107  -1.77872
 126.76994    0.31298   0.28925   0.18292   0.00892  -0.21400  -0.47455  -0.76554  -1.08205  -1.42049  -1.77821
 126.88039    0.31408   0.29033   0.18396   0.00989  -0.21310  -0.47372  -0.76478  -1.08136  -1.41987  -1.77767
 126.99084    0.31523   0.29145   0.18502   0.01089  -0.21217  -0.47285  -0.76399  -1.08064  -1.41922  -1.77709
 127.10128    0.31640   0.29261   0.18612   0.01192  -0.21120  -0.47195  -0.76316  -1.07988  -1.41854  -1.77647
 127.21173    0.31761   0.29380   0.18726   0.01299  -0.21020  -0.47102  -0.76230  -1.07909  -1.41782  -1.77582
 127.32218    0.31885   0.29502   0.18842   0.01410  -0.20916  -0.47006  -0.76140  -1.07826  -1.41706  -1.77514
 127.43263    0.32012   0.29627   0.18962   0.01523  -0.20810  -0.46906  -0.76047  -1.07741  -1.41627  -1.77442
 127.54308    0.32143   0.29756   0.19086   0.01640  -0.20699  -0.46802  -0.75951  -1.07651  -1.41545  -1.77367
 127.65352    0.32277   0.29888   0.19212   0.01760  -0.20586  -0.46696  -0.75851  -1.07558  -1.41459  -1.77288
 127.76397    0.32414   0.30023   0.19342   0.01884  -0.20469  -0.46586  -0.75748  -1.07462  -1.41370  -1.77206
 127.87442    0.32555   0.30162   0.19476   0.02011  -0.20349  -0.46472  -0.75641  -1.07363  -1.41278  -1.77121
 127.98487    0.32698   0.30304   0.19612   0.02141  -0.20225  -0.46356  -0.75532  -1.07260  -1.41182  -1.77032
 128.09532    0.32845   0.30449   0.19752   0.02275  -0.20098  -0.46236  -0.75419  -1.07154  -1.41083  -1.76940
 128.20577    0.32996   0.30597   0.19895   0.02411  -0.19968  -0.46113  -0.75302  -1.07045  -1.40980  -1.76844
 128.31621    0.33149   0.30749   0.20041   0.02551  -0.19835  -0.45986  -0.75183  -1.06932  -1.40874  -1.76745
 128.42666    0.33306   0.30903   0.20191   0.02694  -0.19698  -0.45856  -0.75060  -1.06816  -1.40765  -1.76643
 128.53711    0.33466   0.31061   0.20344   0.02841  -0.19559  -0.45723  -0.74933  -1.06696  -1.40653  -1.76537
 128.64756    0.33629   0.31222   0.20499   0.02991  -0.19416  -0.45587  -0.74804  -1.06574  -1.40537  -1.76428
 128.75801    0.33795   0.31387   0.20659   0.03143  -0.19269  -0.45447  -0.74671  -1.06448  -1.40418  -1.76316
 128.86845    0.33964   0.31554   0.20821   0.03300  -0.19120  -0.45304  -0.74535  -1.06319  -1.40295  -1.76201
 128.97890    0.34137   0.31725   0.20986   0.03459  -0.18967  -0.45158  -0.74396  -1.06186  -1.40170  -1.76082
 129.08935    0.34312   0.31899   0.21155   0.03621  -0.18811  -0.45009  -0.74253  -1.06051  -1.40041  -1.75960
 129.19980    0.34491   0.32076   0.21327   0.03787  -0.18652  -0.44857  -0.74108  -1.05912  -1.39909  -1.75835
 129.31025    0.34673   0.32256   0.21502   0.03956  -0.18490  -0.44701  -0.73959  -1.05770  -1.39774  -1.75706
 129.42070    0.34858   0.32439   0.21680   0.04127  -0.18324  -0.44542  -0.73807  -1.05624  -1.39635  -1.75575
 129.53114    0.35046   0.32625   0.21861   0.04303  -0.18156  -0.44381  -0.73652  -1.05476  -1.39494  -1.75440
 129.64159    0.35237   0.32815   0.22045   0.04481  -0.17984  -0.44215  -0.73493  -1.05324  -1.39349  -1.75302
 129.75204    0.35431   0.33007   0.22233   0.04662  -0.17809  -0.44047  -0.73332  -1.05169  -1.39201  -1.75160
 129.86249    0.35628   0.33203   0.22423   0.04846  -0.17631  -0.43876  -0.73167  -1.05011  -1.39049  -1.75016
 129.97294    0.35829   0.33401   0.22617   0.05034  -0.17450  -0.43701  -0.72999  -1.04850  -1.38895  -1.74868
 130.08338    0.36032   0.33603   0.22813   0.05224  -0.17266  -0.43524  -0.72828  -1.04686  -1.38737  -1.74717
 130.19383    0.36238   0.33807   0.23013   0.05418  -0.17079  -0.43343  -0.72654  -1.04518  -1.38577  -1.74563
 130.30428    0.36448   0.34015   0.23216   0.05614  -0.16889  -0.43159  -0.72477  -1.04348  -1.38413  -1.74406
 130.41473    0.36660   0.34226   0.23421   0.05814  -0.16695  -0.42973  -0.72297  -1.04174  -1.38246  -1.74245
 130.52518    0.36876   0.34439   0.23630   0.06017  -0.16499  -0.42783  -0.72113  -1.03997  -1.38076  -1.74082
 130.63563    0.37094   0.34656   0.23842   0.06223  -0.16300  -0.42590  -0.71927  -1.03818  -1.37902  -1.73915
 130.74607    0.37315   0.34876   0.24056   0.06431  -0.16097  -0.42394  -0.71737  -1.03635  -1.37726  -1.73746
 130.85652    0.37539   0.35098   0.24274   0.06643  -0.15892  -0.42195  -0.71545  -1.03449  -1.37547  -1.73573
 130.96697    0.37767   0.35324   0.24495   0.06858  -0.15683  -0.41993  -0.71349  -1.03260  -1.37364  -1.73397
 131.07742    0.37997   0.35552   0.24719   0.07076  -0.15472  -0.41788  -0.71151  -1.03068  -1.37179  -1.73218
 131.18787    0.38230   0.35784   0.24945   0.07296  -0.15257  -0.41580  -0.70949  -1.02873  -1.36990  -1.73036
 131.29832    0.38466   0.36018   0.25175   0.07520  -0.15040  -0.41369  -0.70744  -1.02674  -1.36799  -1.72851
 131.40876    0.38705   0.36256   0.25407   0.07747  -0.14819  -0.41154  -0.70537  -1.02473  -1.36604  -1.72663
 131.51921    0.38946   0.36496   0.25643   0.07976  -0.14596  -0.40937  -0.70326  -1.02269  -1.36407  -1.72472
 131.62966    0.39191   0.36739   0.25881   0.08209  -0.14370  -0.40718  -0.70113  -1.02062  -1.36206  -1.72277
 131.74011    0.39439   0.36985   0.26122   0.08444  -0.14140  -0.40495  -0.69896  -1.01852  -1.36003  -1.72080
 131.85056    0.39689   0.37234   0.26366   0.08683  -0.13908  -0.40269  -0.69677  -1.01639  -1.35796  -1.71880
 131.96100    0.39942   0.37486   0.26613   0.08924  -0.13673  -0.40040  -0.69454  -1.01423  -1.35586  -1.71677
 132.07145    0.40198   0.37740   0.26863   0.09168  -0.13435  -0.39808  -0.69229  -1.01204  -1.35374  -1.71471
 132.18190    0.40457   0.37998   0.27116   0.09415  -0.13194  -0.39574  -0.69000  -1.00982  -1.35158  -1.71261
 132.29235    0.40719   0.38258   0.27372   0.09665  -0.12951  -0.39336  -0.68769  -1.00757  -1.34940  -1.71049
 132.40280    0.40984   0.38521   0.27630   0.09917  -0.12704  -0.39096  -0.68535  -1.00529  -1.34719  -1.70834
 132.51325    0.41251   0.38787   0.27891   0.10173  -0.12454  -0.38852  -0.68298  -1.00298  -1.34494  -1.70616
 132.62369    0.41521   0.39056   0.28155   0.10431  -0.12202  -0.38606  -0.68058  -1.00065  -1.34267  -1.70395
 132.73414    0.41794   0.39327   0.28422   0.10693  -0.11947  -0.38357  -0.67815  -0.99828  -1.34037  -1.70171
 132.84459    0.42070   0.39602   0.28692   0.10957  -0.11689  -0.38105  -0.67570  -0.99589  -1.33804  -1.69945
 132.95504    0.42348   0.39879   0.28965   0.11224  -0.11428  -0.37851  -0.67321  -0.99347  -1.33568  -1.69715
 133.06549    0.42630   0.40159   0.29240   0.11493  -0.11164  -0.37593  -0.67070  -0.99101  -1.33329  -1.69482
 133.17593    0.42913   0.40441   0.29518   0.11766  -0.10898  -0.37333  -0.66816  -0.98853  -1.33088  -1.69247
 133.28638    0.43200   0.40727   0.29799   0.12041  -0.10628  -0.37069  -0.66559  -0.98603  -1.32843  -1.69008
 133.39683    0.43490   0.41015   0.30082   0.12319  -0.10356  -0.36804  -0.66299  -0.98349  -1.32596  -1.68767
 133.50728    0.43782   0.41306   0.30369   0.12600  -0.10082  -0.36535  -0.66036  -0.98092  -1.32345  -1.68523
 133.61773    0.44077   0.41599   0.30658   0.12883  -0.09804  -0.36263  -0.65771  -0.97833  -1.32092  -1.68276
 133.72818    0.44374   0.41896   0.30950   0.13170  -0.09523  -0.35989  -0.65502  -0.97571  -1.31837  -1.68026
 133.83862    0.44674   0.42195   0.31244   0.13459  -0.09240  -0.35712  -0.65231  -0.97306  -1.31578  -1.67774
 133.94907    0.44977   0.42496   0.31541   0.13750  -0.08954  -0.35432  -0.64957  -0.97038  -1.31317  -1.67518
 134.05952    0.45283   0.42801   0.31841   0.14045  -0.08666  -0.35149  -0.64681  -0.96768  -1.31052  -1.67260

# Minimas
 123.39025    0.29598 
 123.45601    0.27290 
 123.62683    0.16823 
 123.82971   -0.00393 
 124.04227   -0.22505 
 124.25908   -0.48390 
 124.47829   -0.77333 
 124.69903   -1.08840 
 124.91890   -1.42556 
 125.14163   -1.78214 

