# Temperature: 0.000000
# Parameters: -17322.852139 0.380904 3.067257 123.390247
 111.969880000000003    -17322.622909012316086
 115.468689999999995    -17322.746059124801832
 119.039630000000002    -17322.821558094427019
 122.683449999999993    -17322.851475414852757
 126.400890000000004    -17322.838551337790705
 130.192659999999989    -17322.785675101134984
 134.059519999999992    -17322.695341267284675


# Temperature: 10.000000
# Parameters: -17322.852145 0.380901 3.066247 123.390457
 111.969880000000003    -17322.622914969691919
 115.468689999999995    -17322.746063878887071
 119.039630000000002    -17322.821564112953638
 122.683449999999993    -17322.851481997196970
 126.400890000000004    -17322.838558891264256
 130.192659999999989    -17322.785683918013092
 134.059519999999992    -17322.695351867852878


# Temperature: 20.000000
# Parameters: -17322.852246 0.380872 3.065583 123.391394
 111.969880000000003    -17322.623003336440888
 115.468689999999995    -17322.746140327766625
 119.039630000000002    -17322.821657256587059
 122.683449999999993    -17322.851582156399672
 126.400890000000004    -17322.838669442717219
 130.192659999999989    -17322.785806255702482
 134.059519999999992    -17322.695488616016519


# Temperature: 30.000000
# Parameters: -17322.852642 0.380841 3.059619 123.394341
 111.969880000000003    -17322.623344947744044
 115.468689999999995    -17322.746465645413991
 119.039630000000002    -17322.822029034115985
 122.683449999999993    -17322.851974418896134
 126.400890000000004    -17322.839087622087391
 130.192659999999989    -17322.786250151923014
 134.059519999999992    -17322.695960407651000


# Temperature: 40.000000
# Parameters: -17322.853534 0.380817 3.054897 123.398493
 111.969880000000003    -17322.624126352053281
 115.468689999999995    -17322.747241727673099
 119.039630000000002    -17322.822880658382928
 122.683449999999993    -17322.852861981245951
 126.400890000000004    -17322.840016395857674
 130.192659999999989    -17322.787216746964987
 134.059519999999992    -17322.696964855054830


# Temperature: 50.000000
# Parameters: -17322.855074 0.380808 3.047882 123.404357
 111.969880000000003    -17322.625491432292620
 115.468689999999995    -17322.748619544556277
 119.039630000000002    -17322.824359493668453
 122.683449999999993    -17322.854392774654116
 126.400890000000004    -17322.841603998906066
 130.192659999999989    -17322.788855424063513
 134.059519999999992    -17322.698652294977364


# Temperature: 60.000000
# Parameters: -17322.857367 0.380804 3.040471 123.411799
 111.969880000000003    -17322.627544438440964
 115.468689999999995    -17322.750706048002030
 119.039630000000002    -17322.826570248053031
 122.683449999999993    -17322.856672306290420
 126.400890000000004    -17322.843957274348213
 130.192659999999989    -17322.791275709649199
 134.059519999999992    -17322.701135091581818


# Temperature: 70.000000
# Parameters: -17322.860488 0.380792 3.036389 123.420408
 111.969880000000003    -17322.630361968622310
 115.468689999999995    -17322.753578475614631
 119.039630000000002    -17322.829588488413719
 122.683449999999993    -17322.859776410427003
 126.400890000000004    -17322.847152788177482
 130.192659999999989    -17322.794555853910424
 134.059519999999992    -17322.704493327455566


# Temperature: 80.000000
# Parameters: -17322.864489 0.380787 3.027620 123.431179
 111.969880000000003    -17322.633997149016068
 115.468689999999995    -17322.757289234290511
 119.039630000000002    -17322.833464789247955
 122.683449999999993    -17322.863755049034808
 126.400890000000004    -17322.851240113708627
 130.192659999999989    -17322.798745549342129
 134.059519999999992    -17322.708776938659867


# Temperature: 90.000000
# Parameters: -17322.869395 0.380766 3.023163 123.442826
 111.969880000000003    -17322.638482171023497
 115.468689999999995    -17322.761868950427015
 119.039630000000002    -17322.838227705142344
 122.683449999999993    -17322.868635509148589
 126.400890000000004    -17322.856245313949330
 130.192659999999989    -17322.803869838080573
 134.059519999999992    -17322.714010103984037


# Temperature: 100.000000
# Parameters: -17322.875217 0.380748 3.016611 123.456011
 111.969880000000003    -17322.643831722878531
 115.468689999999995    -17322.767330356524326
 119.039630000000002    -17322.843887831477332
 122.683449999999993    -17322.874426786947879
 126.400890000000004    -17322.862175752710755
 130.192659999999989    -17322.809934490942396
 134.059519999999992    -17322.720197171234759


# Temperature: 110.000000
# Parameters: -17322.881946 0.380708 3.015671 123.469652
 111.969880000000003    -17322.650046925995412
 115.468689999999995    -17322.773672537412494
 119.039630000000002    -17322.850442207185552
 122.683449999999993    -17322.881124269293650
 126.400890000000004    -17322.869025077736296
 130.192659999999989    -17322.816931391676917
 134.059519999999992    -17322.727328431170463


# Temperature: 120.000000
# Parameters: -17322.889573 0.380672 3.012145 123.484569
 111.969880000000003    -17322.657119027753652
 115.468689999999995    -17322.780884802359651
 119.039630000000002    -17322.857878283215541
 122.683449999999993    -17322.888713842141442
 126.400890000000004    -17322.876777519799361
 130.192659999999989    -17322.824843048518233
 134.059519999999992    -17322.735384841533232


# Temperature: 130.000000
# Parameters: -17322.898075 0.380640 3.005208 123.500772
 111.969880000000003    -17322.665032467248238
 115.468689999999995    -17322.788949836824031
 119.039630000000002    -17322.866177118881751
 122.683449999999993    -17322.897175153178978
 126.400890000000004    -17322.885411233102786
 130.192659999999989    -17322.833646049628442
 134.059519999999992    -17322.744341579906177


# Temperature: 140.000000
# Parameters: -17322.907427 0.380598 3.001249 123.517345
 111.969880000000003    -17322.673767246629723
 115.468689999999995    -17322.797846105939243
 119.039630000000002    -17322.875315771841997
 122.683449999999993    -17322.906484030874708
 126.400890000000004    -17322.894900735034753
 130.192659999999989    -17322.843313533943729
 134.059519999999992    -17322.754170546704700


# Temperature: 150.000000
# Parameters: -17322.917603 0.380553 2.997564 123.534518
 111.969880000000003    -17322.683300682674599
 115.468689999999995    -17322.807549594672309
 119.039630000000002    -17322.885269036214595
 122.683449999999993    -17322.916614208039391
 126.400890000000004    -17322.905218633884942
 130.192659999999989    -17322.853816922015540
 134.059519999999992    -17322.764842095984932


# Temperature: 160.000000
# Parameters: -17322.928575 0.380506 2.993983 123.552215
 111.969880000000003    -17322.693608653597039
 115.468689999999995    -17322.818035044274438
 119.039630000000002    -17322.896010641696193
 122.683449999999993    -17322.927538514755724
 126.400890000000004    -17322.916336797930853
 130.192659999999989    -17322.865127067456342
 134.059519999999992    -17322.776326174494898


# Temperature: 170.000000
# Parameters: -17322.940317 0.380451 2.992844 123.570077
 111.969880000000003    -17322.704666478970466
 115.468689999999995    -17322.829276803196990
 119.039630000000002    -17322.907514082722628
 122.683449999999993    -17322.939229678504489
 126.400890000000004    -17322.928227143125696
 130.192659999999989    -17322.877215025993792
 134.059519999999992    -17322.788593066852627


# Temperature: 180.000000
# Parameters: -17322.952801 0.380400 2.989732 123.588589
 111.969880000000003    -17322.716449508439837
 115.468689999999995    -17322.841249398152286
 119.039630000000002    -17322.919753164653230
 122.683449999999993    -17322.951660854800139
 126.400890000000004    -17322.940862134739291
 130.192659999999989    -17322.890052533235576
 134.059519999999992    -17322.801613856769109


# Temperature: 190.000000
# Parameters: -17322.966001 0.380349 2.986090 123.607529
 111.969880000000003    -17322.728933521753788
 115.468689999999995    -17322.853927907231991
 119.039630000000002    -17322.932702356163645
 122.683449999999993    -17322.964805963019899
 126.400890000000004    -17322.954215105510229
 130.192659999999989    -17322.903612302157853
 134.059519999999992    -17322.815360705826606


# Temperature: 200.000000
# Parameters: -17322.979894 0.380300 2.982120 123.626833
 111.969880000000003    -17322.742094982706476
 115.468689999999995    -17322.867288195175206
 119.039630000000002    -17322.946337005851092
 122.683449999999993    -17322.978639882254356
 126.400890000000004    -17322.968260440171434
 130.192659999999989    -17322.917868189939327
 134.059519999999992    -17322.829807002744928


# Temperature: 210.000000
# Parameters: -17322.994453 0.380251 2.977384 123.646528
 111.969880000000003    -17322.755911194595683
 115.468689999999995    -17322.881307055362413
 119.039630000000002    -17322.960633465576393
 122.683449999999993    -17322.993138565339905
 126.400890000000004    -17322.982973665584723
 130.192659999999989    -17322.932795276741672
 134.059519999999992    -17322.844927428661322


# Temperature: 220.000000
# Parameters: -17323.009655 0.380194 2.974545 123.666204
 111.969880000000003    -17322.770360389360576
 115.468689999999995    -17322.895962281319953
 119.039630000000002    -17322.975569152647950
 122.683449999999993    -17323.008279088604468
 126.400890000000004    -17322.998331496357423
 130.192659999999989    -17322.948369893703784
 134.059519999999992    -17322.860697972693742


# Temperature: 230.000000
# Parameters: -17323.025478 0.380134 2.973851 123.685811
 111.969880000000003    -17322.785421762819169
 115.468689999999995    -17322.911232691603800
 119.039630000000002    -17322.991122563289537
 122.683449999999993    -17323.024039655996603
 126.400890000000004    -17323.014311825518234
 130.192659999999989    -17322.964569604264398
 134.059519999999992    -17322.877095908082993


# Temperature: 240.000000
# Parameters: -17323.041905 0.380084 2.967995 123.706340
 111.969880000000003    -17322.801075487092021
 115.468689999999995    -17322.927098132906394
 119.039630000000002    -17323.007273267467099
 122.683449999999993    -17323.040399581484962
 126.400890000000004    -17323.030893700670276
 130.192659999999989    -17322.981373172046005
 134.059519999999992    -17322.894099744527921


# Temperature: 250.000000
# Parameters: -17323.058912 0.380029 2.965497 123.726540
 111.969880000000003    -17322.817302691968507
 115.468689999999995    -17322.943539455172868
 119.039630000000002    -17323.024001872607187
 122.683449999999993    -17323.057339257957210
 126.400890000000004    -17323.048057280469948
 130.192659999999989    -17322.998760512145964
 134.059519999999992    -17322.911689180509711


# Temperature: 260.000000
# Parameters: -17323.076482 0.379969 2.962865 123.746975
 111.969880000000003    -17322.834085441056232
 115.468689999999995    -17322.960538475344947
 119.039630000000002    -17323.041289990429505
 122.683449999999993    -17323.074840103323368
 126.400890000000004    -17323.065783783833467
 130.192659999999989    -17323.016712628941605
 134.059519999999992    -17322.929845033846505


# Temperature: 270.000000
# Parameters: -17323.094598 0.379915 2.959273 123.767607
 111.969880000000003    -17322.851406694466277
 115.468689999999995    -17322.978077940031653
 119.039630000000002    -17323.059120184105268
 122.683449999999993    -17323.092884519064683
 126.400890000000004    -17323.084055436051131
 130.192659999999989    -17323.035211562200857
 134.059519999999992    -17322.948549177450332


# Temperature: 280.000000
# Parameters: -17323.113242 0.379860 2.955759 123.788393
 111.969880000000003    -17322.869250267369353
 115.468689999999995    -17322.996141476800403
 119.039630000000002    -17323.077475923662860
 122.683449999999993    -17323.111455827012833
 126.400890000000004    -17323.102855405559239
 130.192659999999989    -17323.054240320747340
 134.059519999999992    -17322.967784476073575


# Temperature: 290.000000
# Parameters: -17323.132398 0.379793 2.955569 123.808867
 111.969880000000003    -17322.887600785412360
 115.468689999999995    -17323.014713547556312
 119.039630000000002    -17323.096341531087091
 122.683449999999993    -17323.130538224770135
 126.400890000000004    -17323.122167755227565
 130.192659999999989    -17323.073782822357316
 134.059519999999992    -17322.987534723124554


# Temperature: 300.000000
# Parameters: -17323.152052 0.379734 2.953629 123.829710
 111.969880000000003    -17322.906443642241356
 115.468689999999995    -17323.033779400841013
 119.039630000000002    -17323.115702132618026
 122.683449999999993    -17323.150116724573309
 126.400890000000004    -17323.141977379142190
 130.192659999999989    -17323.093823837782111
 134.059519999999992    -17323.007784578454448


# Temperature: 310.000000
# Parameters: -17323.172189 0.379667 2.953746 123.850322
 111.969880000000003    -17322.925764955962222
 115.468689999999995    -17323.053325025204686
 119.039630000000002    -17323.135543609027081
 122.683449999999993    -17323.170177109772339
 126.400890000000004    -17323.162269955966622
 130.192659999999989    -17323.114348932711437
 134.059519999999992    -17323.028519508261525


# Temperature: 320.000000
# Parameters: -17323.192796 0.379597 2.953891 123.871093
 111.969880000000003    -17322.945551524571783
 115.468689999999995    -17323.073337106714462
 119.039630000000002    -17323.155852547912218
 122.683449999999993    -17323.190705879867892
 126.400890000000004    -17323.183031891934661
 130.192659999999989    -17323.135344416987209
 134.059519999999992    -17323.049725737397239


# Temperature: 330.000000
# Parameters: -17323.213866 0.379566 2.943928 123.893098
 111.969880000000003    -17322.965790786591242
 115.468689999999995    -17323.093802982315538
 119.039630000000002    -17323.176616203309095
 122.683449999999993    -17323.211690209085646
 126.400890000000004    -17323.204250279384723
 130.192659999999989    -17323.156797294861462
 134.059519999999992    -17323.071390191344108


# Temperature: 340.000000
# Parameters: -17323.235373 0.379481 2.948653 123.913466
 111.969880000000003    -17322.986470783725963
 115.468689999999995    -17323.114710601475963
 119.039630000000002    -17323.197822447989893
 122.683449999999993    -17323.233117902836966
 126.400890000000004    -17323.225912849109591
 130.192659999999989    -17323.178695219390647
 134.059519999999992    -17323.093500454753666


# Temperature: 350.000000
# Parameters: -17323.257319 0.379437 2.942301 123.935206
 111.969880000000003    -17323.007580120472994
 115.468689999999995    -17323.136048488882807
 119.039630000000002    -17323.219459738240403
 122.683449999999993    -17323.254977354183211
 126.400890000000004    -17323.248007927839353
 130.192659999999989    -17323.201026448896300
 134.059519999999992    -17323.116044723763480


# Temperature: 360.000000
# Parameters: -17323.279685 0.379374 2.940328 123.956488
 111.969880000000003    -17323.029107933009072
 115.468689999999995    -17323.157805709208333
 119.039630000000002    -17323.241517076541641
 122.683449999999993    -17323.277257508598268
 126.400890000000004    -17323.270524404040771
 130.192659999999989    -17323.223779806554376
 134.059519999999992    -17323.139011768700584


# Temperature: 370.000000
# Parameters: -17323.302463 0.379316 2.937805 123.977827
 111.969880000000003    -17323.051043856034084
 115.468689999999995    -17323.179971828743874
 119.039630000000002    -17323.263983976325108
 122.683449999999993    -17323.299947830808378
 126.400890000000004    -17323.293451688550704
 130.192659999999989    -17323.246944648275530
 134.059519999999992    -17323.162390892597614


# Temperature: 380.000000
# Parameters: -17323.325648 0.379290 2.927648 124.000244
 111.969880000000003    -17323.073377990640438
 115.468689999999995    -17323.202536892611533
 119.039630000000002    -17323.286850431937637
 122.683449999999993    -17323.323038268517848
 126.400890000000004    -17323.316779679320462
 130.192659999999989    -17323.270510822254437
 134.059519999999992    -17323.186171901175840


# Temperature: 390.000000
# Parameters: -17323.349215 0.379194 2.934115 124.020669
 111.969880000000003    -17323.096100879440201
 115.468689999999995    -17323.225491387460352
 119.039630000000002    -17323.310106885452115
 122.683449999999993    -17323.346519224414806
 126.400890000000004    -17323.340498736550217
 130.192659999999989    -17323.294468642056017
 134.059519999999992    -17323.210345066534501


# Temperature: 400.000000
# Parameters: -17323.373172 0.379146 2.930334 124.042266
 111.969880000000003    -17323.119203476504481
 115.468689999999995    -17323.248826220715273
 119.039630000000002    -17323.333744202845992
 122.683449999999993    -17323.370381526128767
 126.400890000000004    -17323.364599650554737
 130.192659999999989    -17323.318808856536634
 134.059519999999992    -17323.234901101252035


# Temperature: 410.000000
# Parameters: -17323.397502 0.379094 2.926134 124.064062
 111.969880000000003    -17323.142677126630588
 115.468689999999995    -17323.272532692619279
 119.039630000000002    -17323.357753649117512
 122.683449999999993    -17323.394616405490524
 126.400890000000004    -17323.389073613780056
 130.192659999999989    -17323.343522620834847
 134.059519999999992    -17323.259831127306825


# Temperature: 420.000000
# Parameters: -17323.422195 0.379017 2.927913 124.085238
 111.969880000000003    -17323.166513538413710
 115.468689999999995    -17323.296602472375525
 119.039630000000002    -17323.382126858228730
 122.683449999999993    -17323.419215465375601
 126.400890000000004    -17323.413912200085178
 130.192659999999989    -17323.368601474601746
 134.059519999999992    -17323.285126653252519


# Temperature: 430.000000
# Parameters: -17323.447249 0.378972 2.922699 124.107209
 111.969880000000003    -17323.190704766609997
 115.468689999999995    -17323.321027577429049
 119.039630000000002    -17323.406855818611803
 122.683449999999993    -17323.444170666225546
 126.400890000000004    -17323.439107339851034
 130.192659999999989    -17323.394037316091271
 134.059519999999992    -17323.310779550403822


# Temperature: 440.000000
# Parameters: -17323.472651 0.378908 2.921846 124.128701
 111.969880000000003    -17323.215243191407353
 115.468689999999995    -17323.345800354807579
 119.039630000000002    -17323.431932849303848
 122.683449999999993    -17323.469474302211893
 126.400890000000004    -17323.464651298229001
 130.192659999999989    -17323.419822382475104
 134.059519999999992    -17323.336782031048642


# Temperature: 450.000000
# Parameters: -17323.498397 0.378854 2.918759 124.150496
 111.969880000000003    -17323.240121497714426
 115.468689999999995    -17323.370913460392330
 119.039630000000002    -17323.457350579243212
 122.683449999999993    -17323.495118977389211
 126.400890000000004    -17323.490536656478071
 130.192659999999989    -17323.445949229098915
 134.059519999999992    -17323.363126627737074


# Temperature: 460.000000
# Parameters: -17323.524481 0.378813 2.912735 124.172661
 111.969880000000003    -17323.265332660634158
 115.468689999999995    -17323.396359840266086
 119.039630000000002    -17323.483101931713463
 122.683449999999993    -17323.521097595355968
 126.400890000000004    -17323.516756294353399
 130.192659999999989    -17323.472410712911369
 134.059519999999992    -17323.389806173578108


# Temperature: 470.000000
# Parameters: -17323.550889 0.378745 2.912445 124.194175
 111.969880000000003    -17323.290869929915061
 115.468689999999995    -17323.422132717238128
 119.039630000000002    -17323.509180108794681
 122.683449999999993    -17323.547403337455762
 126.400890000000004    -17323.543303373506205
 130.192659999999989    -17323.499199970698101
 134.059519999999992    -17323.416813789812295


# Temperature: 480.000000
# Parameters: -17323.577617 0.378662 2.915985 124.215265
 111.969880000000003    -17323.316726812350680
 115.468689999999995    -17323.448225574258686
 119.039630000000002    -17323.535578574774263
 122.683449999999993    -17323.574029649331351
 126.400890000000004    -17323.570171319894143
 130.192659999999989    -17323.526310409753933
 134.059519999999992    -17323.444142864042078


# Temperature: 490.000000
# Parameters: -17323.604665 0.378609 2.912120 124.237188
 111.969880000000003    -17323.342897057253140
 115.468689999999995    -17323.474632143024792
 119.039630000000002    -17323.562291038553667
 122.683449999999993    -17323.600970225365018
 126.400890000000004    -17323.597353809233027
 130.192659999999989    -17323.553735688186862
 134.059519999999992    -17323.471787037786271


# Temperature: 500.000000
# Parameters: -17323.632023 0.378557 2.908975 124.259077
 111.969880000000003    -17323.369374650243117
 115.468689999999995    -17323.501346384273347
 119.039630000000002    -17323.589311448435183
 122.683449999999993    -17323.628218995207135
 126.400890000000004    -17323.624844756672246
 130.192659999999989    -17323.581469702476170
 134.059519999999992    -17323.499740193026810


# Temperature: 510.000000
# Parameters: -17323.659686 0.378502 2.907077 124.280976
 111.969880000000003    -17323.396153791472898
 115.468689999999995    -17323.528362481585646
 119.039630000000002    -17323.616633971414558
 122.683449999999993    -17323.655770114452025
 126.400890000000004    -17323.652638302257401
 130.192659999999989    -17323.609506576089188
 134.059519999999992    -17323.527996438708215


# Temperature: 520.000000
# Parameters: -17323.687647 0.378460 2.901551 124.303230
 111.969880000000003    -17323.423228892537736
 115.468689999999995    -17323.555674828927295
 119.039630000000002    -17323.644252985908679
 122.683449999999993    -17323.683617947008315
 126.400890000000004    -17323.680728795385221
 130.192659999999989    -17323.637840645988035
 134.059519999999992    -17323.556550098332082


# Temperature: 530.000000
# Parameters: -17323.715899 0.378401 2.900610 124.324826
 111.969880000000003    -17323.450594559868478
 115.468689999999995    -17323.583278018231795
 119.039630000000002    -17323.672163070379611
 122.683449999999993    -17323.711757059933007
 126.400890000000004    -17323.709110789641272
 130.192659999999989    -17323.666466450213193
 134.059519999999992    -17323.585395699563378


# Temperature: 540.000000
# Parameters: -17323.744440 0.378352 2.896708 124.347045
 111.969880000000003    -17323.478245589576545
 115.468689999999995    -17323.611166829014110
 119.039630000000002    -17323.700358993977716
 122.683449999999993    -17323.740182209945488
 126.400890000000004    -17323.737779030339880
 130.192659999999989    -17323.695378722673922
 134.059519999999992    -17323.614527962843567


# Temperature: 550.000000
# Parameters: -17323.773268 0.378330 2.888649 124.369609
 111.969880000000003    -17323.506176954986586
 115.468689999999995    -17323.639336220097903
 119.039630000000002    -17323.728835703088407
 122.683449999999993    -17323.768888333062932
 126.400890000000004    -17323.766728443140892
 130.192659999999989    -17323.724572377635923
 134.059519999999992    -17323.643941793103295


# Temperature: 560.000000
# Parameters: -17323.802360 0.378221 2.896115 124.390437
 111.969880000000003    -17323.534383799407806
 115.468689999999995    -17323.667781323387317
 119.039630000000002    -17323.757588317184855
 122.683449999999993    -17323.797870540467557
 126.400890000000004    -17323.795954127817822
 130.192659999999989    -17323.754042501390359
 134.059519999999992    -17323.673632268357323


# Temperature: 570.000000
# Parameters: -17323.831735 0.378176 2.892474 124.412527
 111.969880000000003    -17323.562861424721632
 115.468689999999995    -17323.696497429365991
 119.039630000000002    -17323.786612119485653
 122.683449999999993    -17323.827124103976530
 126.400890000000004    -17323.825451346870977
 130.192659999999989    -17323.783784348150220
 134.059519999999992    -17323.703594631402666


# Temperature: 580.000000
# Parameters: -17323.861375 0.378115 2.890274 124.434365
 111.969880000000003    -17323.591605290341249
 115.468689999999995    -17323.725479986045684
 119.039630000000002    -17323.815902546608413
 122.683449999999993    -17323.856644451920147
 126.400890000000004    -17323.855215520325146
 130.192659999999989    -17323.813793328619795
 134.059519999999992    -17323.733824285689479


# Temperature: 590.000000
# Parameters: -17323.891284 0.378079 2.885795 124.456706
 111.969880000000003    -17323.620611000784265
 115.468689999999995    -17323.754724585502117
 119.039630000000002    -17323.845455182341539
 122.683449999999993    -17323.886427161858592
 126.400890000000004    -17323.885242217464111
 130.192659999999989    -17323.844065001703711
 134.059519999999992    -17323.764316782882815


# Temperature: 600.000000
# Parameters: -17323.921447 0.378014 2.885784 124.478289
 111.969880000000003    -17323.649874298411305
 115.468689999999995    -17323.784226961812237
 119.039630000000002    -17323.875265753493295
 122.683449999999993    -17323.916467953360552
 126.400890000000004    -17323.915527146444219
 130.192659999999989    -17323.874595069348288
 134.059519999999992    -17323.795067816623487


# Temperature: 610.000000
# Parameters: -17323.951874 0.378006 2.875133 124.501390
 111.969880000000003    -17323.679391060319176
 115.468689999999995    -17323.813982983774622
 119.039630000000002    -17323.905330120582221
 122.683449999999993    -17323.946762676569051
 126.400890000000004    -17323.946066155338485
 130.192659999999989    -17323.905379369265574
 134.059519999999992    -17323.826073218406236


# Temperature: 620.000000
# Parameters: -17323.982545 0.377945 2.873510 124.523350
 111.969880000000003    -17323.709157291079464
 115.468689999999995    -17323.843988646640355
 119.039630000000002    -17323.935644271605270
 122.683449999999993    -17323.977307315330108
 126.400890000000004    -17323.976855217635602
 130.192659999999989    -17323.936413869756507
 134.059519999999992    -17323.857328950318333


# Temperature: 630.000000
# Parameters: -17324.013457 0.377845 2.879469 124.544250
 111.969880000000003    -17323.739169115502591
 115.468689999999995    -17323.874240066921629
 119.039630000000002    -17323.966204316842777
 122.683449999999993    -17324.008097974761768
 126.400890000000004    -17324.007890432221757
 130.192659999999989    -17323.967694662456779
 134.059519999999992    -17323.888831095700880


# Temperature: 640.000000
# Parameters: -17324.044625 0.377821 2.873258 124.566691
 111.969880000000003    -17323.769422775498242
 115.468689999999995    -17323.904733479274000
 119.039630000000002    -17323.997006484751182
 122.683449999999993    -17324.039130876044510
 126.400890000000004    -17324.039168015111500
 130.192659999999989    -17323.999217956115899
 134.059519999999992    -17323.920575860196550


# Temperature: 650.000000
# Parameters: -17324.076024 0.377742 2.875060 124.588302
 111.969880000000003    -17323.799914624920348
 115.468689999999995    -17323.935465229267720
 119.039630000000002    -17324.028047115702066
 122.683449999999993    -17324.070402353343525
 126.400890000000004    -17324.070684294238163
 130.192659999999989    -17324.030980073501269
 134.059519999999992    -17323.952559561384987


# Temperature: 660.000000
# Parameters: -17324.107669 0.377714 2.868795 124.610973
 111.969880000000003    -17323.830641122305678
 115.468689999999995    -17323.966431771281350
 119.039630000000002    -17324.059322655793949
 122.683449999999993    -17324.101908849643223
 126.400890000000004    -17324.102435707409313
 130.192659999999989    -17324.062977446188597
 134.059519999999992    -17323.984778624628234


# Temperature: 670.000000
# Parameters: -17324.139542 0.377662 2.866329 124.633064
 111.969880000000003    -17323.861598829822469
 115.468689999999995    -17323.997629658166261
 119.039630000000002    -17324.090829654760455
 122.683449999999993    -17324.133646908459923
 126.400890000000004    -17324.134418793997611
 130.192659999999989    -17324.095206609406887
 134.059519999999992    -17324.017229578937986


# Temperature: 680.000000
# Parameters: -17324.171643 0.377607 2.864515 124.654877
 111.969880000000003    -17323.892784403960832
 115.468689999999995    -17324.029055544335279
 119.039630000000002    -17324.122564760800742
 122.683449999999993    -17324.165613174885948
 126.400890000000004    -17324.166630192867160
 130.192659999999989    -17324.127664194773388
 134.059519999999992    -17324.049909054891032


# Temperature: 690.000000
# Parameters: -17324.203970 0.377527 2.867903 124.676501
 111.969880000000003    -17323.924194600709598
 115.468689999999995    -17324.060706175408995
 119.039630000000002    -17324.154524717461754
 122.683449999999993    -17324.197804387280485
 126.400890000000004    -17324.199066638244403
 130.192659999999989    -17324.160346932359971
 134.059519999999992    -17324.082813776345574


# Temperature: 700.000000
# Parameters: -17324.236525 0.377495 2.861825 124.699031
 111.969880000000003    -17323.955826258959860
 115.468689999999995    -17324.092578389252594
 119.039630000000002    -17324.186706355350907
 122.683449999999993    -17324.230217372110928
 126.400890000000004    -17324.231724952445802
 130.192659999999989    -17324.193251641376264
 134.059519999999992    -17324.115940558360307


# Temperature: 710.000000
# Parameters: -17324.269297 0.377450 2.858258 124.721031
 111.969880000000003    -17323.987676308828668
 115.468689999999995    -17324.124669109751267
 119.039630000000002    -17324.219106595246558
 122.683449999999993    -17324.262849046011979
 126.400890000000004    -17324.264602047955123
 130.192659999999989    -17324.226375230158737
 134.059519999999992    -17324.149286306164868


# Temperature: 720.000000
# Parameters: -17324.302288 0.377404 2.855849 124.743120
 111.969880000000003    -17324.019741761250771
 115.468689999999995    -17324.156975342670194
 119.039630000000002    -17324.251722439803416
 122.683449999999993    -17324.295696407483774
 126.400890000000004    -17324.297694921209768
 130.192659999999989    -17324.259714687894302
 134.059519999999992    -17324.182848006876156


# Temperature: 730.000000
# Parameters: -17324.335493 0.377342 2.855077 124.765317
 111.969880000000003    -17324.052019708022272
 115.468689999999995    -17324.189494173577259
 119.039630000000002    -17324.284550970449345
 122.683449999999993    -17324.328756536920991
 126.400890000000004    -17324.331000645339373
 130.192659999999989    -17324.293267088749417
 134.059519999999992    -17324.216622728432412


# Temperature: 740.000000
# Parameters: -17324.368900 0.377245 2.859635 124.786451
 111.969880000000003    -17324.084507314513758
 115.468689999999995    -17324.222222766809864
 119.039630000000002    -17324.317589347370813
 122.683449999999993    -17324.362026590366440
 126.400890000000004    -17324.364516375357198
 130.192659999999989    -17324.327029580479575
 134.059519999999992    -17324.250607617563219


# Temperature: 750.000000
# Parameters: -17324.402532 0.377227 2.854226 124.809083
 111.969880000000003    -17324.117201822795323
 115.468689999999995    -17324.255158358220797
 119.039630000000002    -17324.350834803310136
 122.683449999999993    -17324.395503796418780
 126.400890000000004    -17324.398239337784617
 130.192659999999989    -17324.360999387532502
 134.059519999999992    -17324.284799893528543


# Temperature: 760.000000
# Parameters: -17324.436366 0.377210 2.847293 124.831702
 111.969880000000003    -17324.150100543338340
 115.468689999999995    -17324.288298256211419
 119.039630000000002    -17324.384284643558203
 122.683449999999993    -17324.429185458291613
 126.400890000000004    -17324.432166830662027
 130.192659999999989    -17324.395173804834485
 134.059519999999992    -17324.319196851258312


# Temperature: 770.000000
# Parameters: -17324.470400 0.377160 2.844764 124.853867
 111.969880000000003    -17324.183200855026371
 115.468689999999995    -17324.321639836547547
 119.039630000000002    -17324.417936240777635
 122.683449999999993    -17324.463068946577550
 126.400890000000004    -17324.466296221457014
 130.192659999999989    -17324.429550195720367
 134.059519999999992    -17324.353795849940070


# Temperature: 780.000000
# Parameters: -17324.504625 0.377036 2.853598 124.874810
 111.969880000000003    -17324.216500205133343
 115.468689999999995    -17324.355180540296715
 119.039630000000002    -17324.451787032921857
 122.683449999999993    -17324.497151695079083
 126.400890000000004    -17324.500624943986622
 130.192659999999989    -17324.464125992963091
 134.059519999999992    -17324.388594318195828


# Temperature: 790.000000
# Parameters: -17324.539058 0.376988 2.851415 124.896931
 111.969880000000003    -17324.249996101061697
 115.468689999999995    -17324.388917871736339
 119.039630000000002    -17324.485834524271922
 122.683449999999993    -17324.531431206014531
 126.400890000000004    -17324.535150494244590
 130.192659999999989    -17324.498898688405461
 134.059519999999992    -17324.423589748916129


# Temperature: 800.000000
# Parameters: -17324.573685 0.376928 2.850739 124.918903
 111.969880000000003    -17324.283686110313283
 115.468689999999995    -17324.422849399419647
 119.039630000000002    -17324.520076276123291
 122.683449999999993    -17324.565905038594792
 126.400890000000004    -17324.569870432475000
 130.192659999999989    -17324.533865840232465
 134.059519999999992    -17324.458779695090925


# Temperature: 810.000000
# Parameters: -17324.608515 0.376956 2.837551 124.941852
 111.969880000000003    -17324.317567862584838
 115.468689999999995    -17324.456972744741506
 119.039630000000002    -17324.554509910907655
 122.683449999999993    -17324.600570815262472
 126.400890000000004    -17324.604782374906790
 130.192659999999989    -17324.569025061548018
 134.059519999999992    -17324.494161768801860


# Temperature: 820.000000
# Parameters: -17324.643529 0.376901 2.836176 124.964272
 111.969880000000003    -17324.351639040422015
 115.468689999999995    -17324.491285592328495
 119.039630000000002    -17324.589133110144758
 122.683449999999993    -17324.635426210272271
 126.400890000000004    -17324.639883997868310
 130.192659999999989    -17324.604374026621372
 134.059519999999992    -17324.529733642229985


# Temperature: 830.000000
# Parameters: -17324.678708 0.376704 2.853911 124.984003
 111.969880000000003    -17324.385897385458520
 115.468689999999995    -17324.525785677589738
 119.039630000000002    -17324.623943606129615
 122.683449999999993    -17324.670468958000129
 126.400890000000004    -17324.675173030551377
 130.192659999999989    -17324.639910462559783
 134.059519999999992    -17324.565493039386638


# Temperature: 840.000000
# Parameters: -17324.714122 0.376817 2.830435 125.008674
 111.969880000000003    -17324.420340686992859
 115.468689999999995    -17324.560470788790553
 119.039630000000002    -17324.658939186094358
 122.683449999999993    -17324.705696843597252
 126.400890000000004    -17324.710647256033553
 130.192659999999989    -17324.675632150378078
 134.059519999999992    -17324.601437741279369


# Temperature: 850.000000
# Parameters: -17324.749691 0.376756 2.830819 125.030184
 111.969880000000003    -17324.454966789257014
 115.468689999999995    -17324.595338767052453
 119.039630000000002    -17324.694117689086852
 122.683449999999993    -17324.741107701978763
 126.400890000000004    -17324.746304509229958
 130.192659999999989    -17324.711536921873630
 134.059519999999992    -17324.637565577631904


# Temperature: 860.000000
# Parameters: -17324.785445 0.376679 2.831909 125.052382
 111.969880000000003    -17324.489773583129136
 115.468689999999995    -17324.630387503249949
 119.039630000000002    -17324.729477002874773
 122.683449999999993    -17324.776699419860961
 126.400890000000004    -17324.782142673750059
 130.192659999999989    -17324.747622660663183
 134.059519999999992    -17324.673874428957788


# Temperature: 870.000000
# Parameters: -17324.821381 0.376632 2.829781 125.074530
 111.969880000000003    -17324.524759009225818
 115.468689999999995    -17324.665614932822791
 119.039630000000002    -17324.765015061857412
 122.683449999999993    -17324.812469931654050
 126.400890000000004    -17324.818159681926772
 130.192659999999989    -17324.783887297002366
 134.059519999999992    -17324.710362223431730


# Temperature: 880.000000
# Parameters: -17324.857492 0.376571 2.829884 125.096047
 111.969880000000003    -17324.559921053769358
 115.468689999999995    -17324.701019039919629
 119.039630000000002    -17324.800729849150230
 122.683449999999993    -17324.848417217355745
 126.400890000000004    -17324.854353512728267
 130.192659999999989    -17324.820328805715690
 134.059519999999992    -17324.747026935885515


# Temperature: 890.000000
# Parameters: -17324.893795 0.376609 2.815774 125.119872
 111.969880000000003    -17324.595257744440460
 115.468689999999995    -17324.736597852221166
 119.039630000000002    -17324.836619390360283
 122.683449999999993    -17324.884539301543555
 126.400890000000004    -17324.890722189687949
 130.192659999999989    -17324.856945209299738
 134.059519999999992    -17324.783866587775265


# Temperature: 900.000000
# Parameters: -17324.930257 0.376541 2.817084 125.141628
 111.969880000000003    -17324.630767156599177
 115.468689999999995    -17324.772349441976985
 119.039630000000002    -17324.872681755663507
 122.683449999999993    -17324.920834252316126
 126.400890000000004    -17324.927263777801272
 130.192659999999989    -17324.893734572749963
 134.059519999999992    -17324.820879240985960


# Temperature: 910.000000
# Parameters: -17324.966896 0.376500 2.815029 125.163740
 111.969880000000003    -17324.666447402913036
 115.468689999999995    -17324.808271921854612
 119.039630000000002    -17324.908915055653779
 122.683449999999993    -17324.957300180270977
 126.400890000000004    -17324.963976385588467
 130.192659999999989    -17324.930695003546134
 134.059519999999992    -17324.858063001967821


# Temperature: 920.000000
# Parameters: -17325.003706 0.376506 2.805733 125.186154
 111.969880000000003    -17324.702296640611166
 115.468689999999995    -17324.844363444939518
 119.039630000000002    -17324.945317443416570
 122.683449999999993    -17324.993935234346282
 126.400890000000004    -17325.000858164061356
 130.192659999999989    -17324.967824648563692
 134.059519999999992    -17324.895416017589014


# Temperature: 930.000000
# Parameters: -17325.040672 0.376346 2.818255 125.207346
 111.969880000000003    -17324.738313063207897
 115.468689999999995    -17324.880622202668746
 119.039630000000002    -17324.981887108318915
 122.683449999999993    -17325.030737607019546
 126.400890000000004    -17325.037907301553787
 130.192659999999989    -17325.005121695088746
 134.059519999999992    -17324.932936472028814


# Temperature: 940.000000
# Parameters: -17325.077815 0.376295 2.816676 125.229474
 111.969880000000003    -17324.774494902558217
 115.468689999999995    -17324.917046427934110
 119.039630000000002    -17325.018622281178978
 122.683449999999993    -17325.067705523924815
 126.400890000000004    -17325.075122022662981
 130.192659999999989    -17325.042584368758980
 134.059519999999992    -17324.970622590932180


# Temperature: 950.000000
# Parameters: -17325.115112 0.376154 2.827334 125.250326
 111.969880000000003    -17324.810840426791401
 115.468689999999995    -17324.953634385761688
 119.039630000000002    -17325.055521227019199
 122.683449999999993    -17325.104837250084529
 126.400890000000004    -17325.112500591374555
 130.192659999999989    -17325.080210930456815
 134.059519999999992    -17325.008472634130158


# Temperature: 960.000000
# Parameters: -17325.152587 0.376123 2.824256 125.272534
 111.969880000000003    -17324.847347941351472
 115.468689999999995    -17324.990384379518218
 119.039630000000002    -17325.092582247139944
 122.683449999999993    -17325.142131086799054
 126.400890000000004    -17325.150041308988875
 130.192659999999989    -17325.117999680438515
 134.059519999999992    -17325.046484898779454


# Temperature: 970.000000
# Parameters: -17325.190241 0.376232 2.801966 125.296764
 111.969880000000003    -17324.884015784846270
 115.468689999999995    -17325.027294747815176
 119.039630000000002    -17325.129803679108591
 122.683449999999993    -17325.179585368525295
 126.400890000000004    -17325.187742507889197
 130.192659999999989    -17325.155948949024605
 134.059519999999992    -17325.084657717266964


# Temperature: 980.000000
# Parameters: -17325.228017 0.376080 2.814158 125.316809
 111.969880000000003    -17324.920842329054722
 115.468689999999995    -17325.064363860350568
 119.039630000000002    -17325.167183891593595
 122.683449999999993    -17325.217198463935347
 126.400890000000004    -17325.225602554677607
 130.192659999999989    -17325.194057103835803
 134.059519999999992    -17325.122989455154311


# Temperature: 990.000000
# Parameters: -17325.265980 0.376066 2.807637 125.340116
 111.969880000000003    -17324.957825978908659
 115.468689999999995    -17325.101590119993489
 119.039630000000002    -17325.204721286423592
 122.683449999999993    -17325.254968775894667
 126.400890000000004    -17325.263619852212287
 130.192659999999989    -17325.232322544638009
 134.059519999999992    -17325.161478509086010


